2 0.692281 0.195179 0.075939 0.063601
2 0.634840 0.134680 0.070098 0.048089
2 0.770168 0.215345 0.036996 0.082216
2 0.798401 0.289030 -0.068150 0.102383
2 0.875801 0.284376 0.067177 0.049640
2 0.796941 0.435623 -0.084701 0.082216
2 0.838318 0.503103 -0.066203 -0.062050
2 0.762866 0.593075 0.039917 0.108588
2 0.955634 0.555845 0.080807 0.055845
2 0.937136 0.788533 0.043811 -0.099280
2 0.610014 0.910307 0.063283 0.107036
2 0.440125 0.316952 0.062309 0.043435
2 0.463491 0.358060 0.054520 0.035679
2 0.268289 0.463546 0.067177 0.060499
2 0.176286 0.563601 0.070098 0.055845
2 0.219123 0.152519 0.042837 0.120998
2 0.185048 0.283600 0.058415 -0.107036
2 0.168497 0.417784 0.073992 0.071358
2 0.330111 0.226204 0.087622 0.088421
2 0.105701 0.686150 0.037970 0.136510
2 0.234213 0.824988 0.088596 0.054294
2 0.253198 0.904877 0.073992 0.055845
2 0.097426 0.906428 0.046732 -0.077563
2 0.069679 0.856788 0.047705 -0.093075
2 0.077468 0.254126 0.032128 0.091524
2 0.217176 0.744322 0.038943 0.091524
2 0.212308 0.655901 0.064256 0.107036
2 0.392420 0.117616 0.060362 0.072909
