0 0.145649 0.038521 0.119798 -0.069337
0 0.151955 0.094761 0.054224 0.132512
0 0.358134 0.430663 -0.080706 0.138675
0 0.174653 0.348228 0.056747 0.063174
0 0.196721 0.493837 0.063052 0.129430
0 0.162043 0.512327 -0.061791 -0.117103
0 0.278689 0.509245 0.073140 0.107858
0 0.312736 0.612481 -0.063052 0.166410
0 0.374527 0.799692 0.085750 0.069337
0 0.092686 0.945300 0.092055 0.104777
0 0.498108 0.111710 0.088272 -0.110940
0 0.520807 0.157165 -0.065574 0.090909
0 0.528373 0.208012 -0.047919 -0.121726
0 0.581337 0.114022 0.065574 -0.180277
0 0.491173 0.346687 -0.049180 0.112481
0 0.595208 0.654854 0.166456 0.050847
0 0.598991 0.742681 -0.065574 0.149461
0 0.578815 0.507704 -0.070618 -0.181818
0 0.596469 0.395223 0.052963 0.175655
0 0.663304 0.217257 0.055485 -0.158706
0 0.665826 0.076271 0.042875 -0.101695
0 0.822194 0.061633 0.128625 0.069337
0 0.792560 0.119414 0.044136 0.098613
0 0.926860 0.134823 0.121059 0.055470
0 0.773014 0.211094 0.085750 0.100154
0 0.650063 0.478428 -0.059269 0.080123
0 0.978562 0.073190 0.035309 0.095532
0 0.706810 0.439137 0.076923 0.100154
