2 0.036376 0.237996 -0.072751 -0.111310
2 0.108466 0.218750 0.084656 -0.145833
2 0.225529 0.217262 -0.096561 -0.148810
2 0.333333 0.224206 0.113757 -0.156746
2 0.456349 0.224702 0.076720 -0.167659
2 0.521164 0.210813 0.076720 -0.153770
2 0.601190 0.213294 0.093915 -0.154762
2 0.626323 0.215774 -0.083333 -0.155754
2 0.669312 0.216270 -0.055556 -0.156746
2 0.869048 0.210317 -0.087302 -0.146825
2 0.906746 0.199901 -0.125661 -0.114087
2 0.839286 0.294643 0.107143 -0.095238
2 0.959491 0.279607 0.080357 0.075088
2 0.533069 0.324901 -0.074074 -0.056548
2 0.801587 0.509921 -0.100529 -0.089286
2 0.653439 0.467262 0.126984 0.047619
2 0.701720 0.430556 -0.096561 0.033730
2 0.429233 0.669147 -0.083333 0.102183
2 0.807540 0.692956 0.091270 0.133929
